Childbirth/delivery professional services,America's_Choice_5000_HSA_SOB (2).pdf